0
0
0
0
0
0
0
0
0
0
0
0
0
0
0
0
0
0
0
0
0
0
0
0
0
0
0
0
0
0
0
0
0
0
0
0
0
0
0
0
0
0
0
0
0
0
0
0
0
0
0
0
0
0
0
0
0
0
0
0
0
0
0
0
0
0
0
0
0
0
0
0
0
0
0
0
0
0
0
0
0
0
0
0
0
0
0
0
0
0
0
0
0
0
0
0
0
0
0
0
0
0
0
0
0
0
0
0
0
0
0
0
0
0
0
0
0
0
0
0
0
0
0
0
0
0
0
0
0
0
0
0
0
0
0
0
0
0
0
0
0
0
0
0
0
0
0
0
0
0
0
0
0
0
0
0
0
0
0
0
0
0
0
0
0
0
0
0
0
0
0
0
0
0
0
0
0
0
0
0
0
0
0
0
0
0
0
0
0
0
0
0
0
0
0
0
0
0
0
0
0
0
0
0
0
0
0
0
0
0
0
0
0
0
0
0
0
0
0
0
0
0
0
0
0
0
0
0
0
0
0
0
0
0
0
0
0
0
0
0
0
0
0
0
0
0
0
0
0
0
0
0
0
0
0
0
0
1
2
3
4
5
6
7
8
9
10
11
12
13
14
15
16
17
18
19
20
21
22
23
24
25
26
27
28
29
30
31
0
1
2
3
4
5
6
7
8
9
10
11
12
13
14
15
0
1
2
3
4
5
6
7
8
9
10
11
12
13
14
15
0
1
2
3
4
5
6
7
0
1
2
3
4
5
6
7
0
1
2
3
4
5
6
7
0
1
2
3
4
5
6
7
0
1
2
3
0
1
2
3
0
1
2
3
0
1
2
3
0
1
2
3
0
1
2
3
0
1
2
3
0
1
2
3
0
1
0
1
0
1
0
1
0
1
0
1
0
1
0
1
0
1
0
1
0
1
0
1
0
1
0
1
0
1
0
1
1
65
3
67
5
69
7
71
9
73
11
75
13
77
15
79
17
81
19
83
21
85
23
87
25
89
27
91
29
93
31
95
33
97
35
99
37
101
39
103
41
105
43
107
45
109
47
111
49
113
51
115
53
117
55
119
57
121
59
123
61
125
63
127
0
64
2
66
4
68
6
70
8
72
10
74
12
76
14
78
16
80
18
82
20
84
22
86
24
88
26
90
28
92
30
94
32
96
34
98
36
100
38
102
40
104
42
106
44
108
46
110
48
112
50
114
52
116
54
118
56
120
58
122
60
124
62
126
1024
1024
512
512
1024
1024
512
512
1024
1024
512
512
1024
1024
512
512
1024
1024
512
512
1024
1024
512
512
1024
1024
512
512
1024
1024
512
512
1024
1024
512
512
1024
1024
512
512
1024
1024
512
512
1024
1024
512
512
1024
1024
512
512
1024
1024
512
512
1024
1024
512
512
1024
1024
512
512
1024
1024
512
512
1024
1024
512
512
1024
1024
512
512
1024
1024
512
512
1024
1024
512
512
1024
1024
512
512
1024
1024
512
512
1024
1024
512
512
1024
1024
512
512
1024
1024
512
512
1024
1024
512
512
1024
1024
512
512
1024
1024
512
512
1024
1024
512
512
1024
1024
512
512
1024
1024
512
512
512
-512
1024
-1024
512
-512
1024
-1024
512
-512
1024
-1024
512
-512
1024
-1024
512
-512
1024
-1024
512
-512
1024
-1024
512
-512
1024
-1024
512
-512
1024
-1024
512
-512
1024
-1024
512
-512
1024
-1024
512
-512
1024
-1024
512
-512
1024
-1024
512
-512
1024
-1024
512
-512
1024
-1024
512
-512
1024
-1024
512
-512
1024
-1024
512
-512
1024
-1024
512
-512
1024
-1024
512
-512
1024
-1024
512
-512
1024
-1024
512
-512
1024
-1024
512
-512
1024
-1024
512
-512
1024
-1024
512
-512
1024
-1024
512
-512
1024
-1024
512
-512
1024
-1024
512
-512
1024
-1024
512
-512
1024
-1024
512
-512
1024
-1024
512
-512
1024
-1024
512
-512
1024
-1024
512
-512
1024
-1024
1000
999
996
990
981
971
957
942
924
904
882
858
832
804
774
741
708
672
635
596
556
515
472
428
383
337
291
243
196
147
99
50
1
-49
-98
-146
-195
-242
-290
-336
-382
-427
-471
-514
-555
-595
-634
-671
-707
-740
-773
-803
-831
-857
-881
-903
-923
-941
-956
-970
-980
-989
-995
-998
0
-49
-98
-146
-195
-242
-290
-336
-382
-427
-471
-514
-555
-595
-634
-671
-707
-740
-773
-803
-831
-857
-881
-903
-923
-941
-956
-970
-980
-989
-995
-998
-1000
-998
-995
-989
-980
-970
-956
-941
-923
-903
-881
-857
-831
-803
-773
-740
-707
-671
-634
-595
-555
-514
-471
-427
-382
-336
-290
-242
-195
-146
-98
-49